178
2
-1
3
0
2
0
1
2
-1
3
1
38
0
7
2
-1
3
2
41
2
-1
1
-1
1
1
2
-1
3
4
1
0
8
2
-1
1
5
0
0
9
2
-1
1
3
2
0
10
3
-1
3
7
3
0
12
4
0
13
2
-1
3
8
2
0
10
1
-1
1
4
2
-1
3
10
38
0
16
1
-1
1
2
2
-1
3
12
38
0
17
4
-1
1
10
6
0
18
8
0
19
9
0
20
1
-1
1
6
1
-1
1
0
2
-1
3
16
4
0
13
1
-1
1
7
2
-1
3
18
38
0
26
5
-1
3
19
11
0
27
12
0
28
13
0
29
38
0
30
4
-1
3
20
11
0
27
12
0
28
13
0
29
4
-1
1
12
14
0
35
15
0
36
18
0
37
4
-1
1
10
6
0
18
8
0
19
9
0
20
1
-1
1
13
1
-1
1
14
1
-1
1
15
2
-1
3
26
37
0
43
1
-1
1
26
1
-1
1
27
1
-1
1
28
1
-1
1
29
2
-1
3
31
37
0
43
1
-1
1
25
1
-1
1
24
2
-1
3
34
37
0
46
2
-1
3
35
15
0
49
2
-1
3
36
37
0
50
5
-1
3
37
11
0
27
12
0
28
13
0
29
38
0
30
2
-1
3
38
5
0
52
4
-1
1
12
14
0
35
15
0
36
18
0
37
1
-1
1
30
1
-1
1
31
1
-1
1
9
2
-1
1
21
7
0
54
2
-1
3
44
1
0
55
2
-1
3
45
1
0
56
2
-1
3
46
10
0
57
2
-1
1
23
7
0
58
1
-1
1
18
2
-1
3
49
37
0
59
2
-1
3
50
16
0
60
2
-1
3
51
37
0
61
1
-1
1
8
1
-1
1
11
2
-1
3
54
37
0
43
1
-1
1
16
1
-1
1
17
10
-1
3
57
4
0
63
16
0
64
19
0
65
24
0
66
25
0
67
34
0
68
37
0
69
39
0
70
40
0
71
2
-1
3
58
37
0
46
2
-1
3
59
16
0
76
5
-1
1
36
11
0
27
12
0
28
13
0
29
38
0
30
2
-1
3
61
16
0
81
1
-1
1
20
2
-1
3
63
9
0
20
10
-1
3
64
4
0
63
16
0
64
19
0
65
24
0
66
25
0
67
34
0
68
37
0
69
39
0
70
40
0
71
2
-1
3
65
16
0
85
1
-1
1
80
1
-1
1
81
10
-1
3
68
4
0
63
16
0
64
19
0
65
24
0
66
25
0
67
34
0
68
37
0
69
39
0
70
40
0
71
1
-1
1
82
1
-1
1
78
1
-1
1
79
1
-1
1
19
10
-1
1
66
26
0
87
28
0
88
29
0
89
30
0
90
31
0
91
32
0
92
33
0
93
35
0
94
36
0
95
1
-1
1
65
1
-1
1
22
5
-1
1
36
11
0
27
12
0
28
13
0
29
38
0
30
2
-1
3
77
37
0
97
2
-1
3
78
17
0
98
1
-1
1
35
2
-1
1
38
7
0
99
5
-1
1
36
11
0
27
12
0
28
13
0
29
38
0
30
2
-1
1
86
9
0
20
10
-1
3
83
4
0
63
16
0
64
19
0
65
24
0
66
25
0
67
34
0
68
37
0
69
39
0
70
40
0
71
2
-1
3
84
17
0
103
10
-1
3
85
4
0
63
16
0
64
19
0
65
24
0
66
25
0
67
34
0
68
37
0
69
39
0
70
40
0
71
1
-1
1
62
10
-1
3
87
4
0
63
16
0
64
19
0
65
24
0
66
25
0
67
34
0
68
37
0
69
39
0
70
40
0
71
10
-1
3
88
4
0
63
16
0
64
19
0
65
24
0
66
25
0
67
34
0
68
37
0
69
39
0
70
40
0
71
10
-1
3
89
4
0
63
16
0
64
19
0
65
24
0
66
25
0
67
34
0
68
37
0
69
39
0
70
40
0
71
10
-1
3
90
4
0
63
16
0
64
19
0
65
24
0
66
25
0
67
34
0
68
37
0
69
39
0
70
40
0
71
10
-1
3
91
4
0
63
16
0
64
19
0
65
24
0
66
25
0
67
34
0
68
37
0
69
39
0
70
40
0
71
10
-1
3
92
4
0
63
16
0
64
19
0
65
24
0
66
25
0
67
34
0
68
37
0
69
39
0
70
40
0
71
10
-1
3
93
4
0
63
16
0
64
19
0
65
24
0
66
25
0
67
34
0
68
37
0
69
39
0
70
40
0
71
10
-1
3
94
4
0
63
16
0
64
19
0
65
24
0
66
25
0
67
34
0
68
37
0
69
39
0
70
40
0
71
10
-1
3
95
4
0
63
16
0
64
19
0
65
24
0
66
25
0
67
34
0
68
37
0
69
39
0
70
40
0
71
2
-1
3
96
17
0
114
1
-1
1
39
5
-1
3
98
4
0
115
19
0
116
21
0
117
37
0
118
5
-1
3
99
11
0
27
12
0
28
13
0
29
38
0
30
2
-1
3
100
17
0
123
1
-1
1
85
2
-1
3
102
5
0
124
1
-1
1
83
2
-1
3
104
17
0
125
1
-1
1
56
1
-1
1
55
1
-1
1
57
1
-1
1
58
1
-1
1
59
1
-1
1
60
1
-1
1
61
1
-1
1
63
1
-1
1
64
5
-1
3
114
4
0
115
19
0
116
21
0
117
37
0
118
4
-1
3
115
6
0
18
8
0
19
9
0
20
2
-1
3
116
16
0
128
2
-1
3
117
16
0
129
4
-1
3
118
16
0
130
22
0
131
23
0
132
1
-1
1
32
1
-1
1
45
2
-1
3
121
1
0
133
1
-1
1
37
10
-1
3
123
4
0
63
16
0
64
19
0
65
24
0
66
25
0
67
34
0
68
37
0
69
39
0
70
40
0
71
1
-1
1
84
2
-1
3
125
27
0
135
1
-1
1
33
5
-1
3
127
4
0
115
19
0
116
21
0
117
37
0
118
10
-1
3
128
4
0
63
16
0
64
19
0
65
24
0
66
25
0
67
34
0
68
37
0
69
39
0
70
40
0
71
10
-1
3
129
4
0
63
16
0
64
19
0
65
24
0
66
25
0
67
34
0
68
37
0
69
39
0
70
40
0
71
10
-1
1
90
4
0
63
16
0
64
19
0
65
24
0
66
25
0
67
34
0
68
37
0
69
39
0
70
40
0
71
10
-1
3
131
4
0
63
16
0
64
19
0
65
24
0
66
25
0
67
34
0
68
37
0
69
39
0
70
40
0
71
2
-1
3
132
37
0
142
1
-1
1
43
1
-1
1
34
8
-1
3
135
16
0
64
24
0
66
25
0
67
34
0
144
37
0
69
39
0
70
40
0
71
2
-1
3
136
5
0
147
2
-1
3
137
17
0
148
2
-1
3
138
17
0
149
2
-1
1
89
7
0
150
2
-1
3
140
17
0
151
2
-1
3
141
1
0
152
2
-1
3
142
16
0
130
2
-1
3
143
1
0
153
8
-1
3
144
16
0
64
24
0
66
25
0
67
34
0
144
37
0
69
39
0
70
40
0
71
1
-1
1
54
11
-1
3
146
20
0
155
26
0
156
28
0
157
29
0
158
30
0
159
31
0
160
32
0
161
33
0
162
35
0
163
36
0
164
1
-1
1
53
5
-1
3
148
4
0
115
19
0
116
21
0
117
37
0
118
5
-1
3
149
4
0
115
19
0
116
21
0
117
37
0
118
10
-1
1
90
4
0
63
16
0
64
19
0
65
24
0
66
25
0
67
34
0
68
37
0
69
39
0
70
40
0
71
1
-1
1
87
1
-1
1
42
1
-1
1
44
1
-1
1
74
10
-1
3
155
4
0
63
16
0
64
19
0
65
24
0
66
25
0
67
34
0
68
37
0
69
39
0
70
40
0
71
8
-1
3
156
16
0
64
24
0
66
25
0
67
34
0
144
37
0
69
39
0
70
40
0
71
8
-1
3
157
16
0
64
24
0
66
25
0
67
34
0
144
37
0
69
39
0
70
40
0
71
8
-1
3
158
16
0
64
24
0
66
25
0
67
34
0
144
37
0
69
39
0
70
40
0
71
8
-1
3
159
16
0
64
24
0
66
25
0
67
34
0
144
37
0
69
39
0
70
40
0
71
8
-1
3
160
16
0
64
24
0
66
25
0
67
34
0
144
37
0
69
39
0
70
40
0
71
8
-1
3
161
16
0
64
24
0
66
25
0
67
34
0
144
37
0
69
39
0
70
40
0
71
8
-1
3
162
16
0
64
24
0
66
25
0
67
34
0
144
37
0
69
39
0
70
40
0
71
8
-1
3
163
16
0
64
24
0
66
25
0
67
34
0
144
37
0
69
39
0
70
40
0
71
8
-1
3
164
16
0
64
24
0
66
25
0
67
34
0
144
37
0
69
39
0
70
40
0
71
1
-1
1
40
1
-1
1
41
1
-1
1
88
1
-1
1
77
1
-1
1
68
1
-1
1
67
1
-1
1
69
1
-1
1
70
1
-1
1
71
1
-1
1
72
1
-1
1
73
1
-1
1
75
1
-1
1
76
35
1
-1
2
3
-1
3
6
11
8
15
1
-1
4
1
-1
5
1
-1
14
1
-1
6
2
-1
21
22
42
2
-1
38
39
53
2
-1
22
115
127
1
-1
23
1
-1
24
3
-1
25
63
82
82
82
1
-1
47
3
-1
44
31
45
54
62
2
-1
48
58
75
3
-1
77
19
31
37
51
2
-1
32
20
34
1
-1
33
1
-1
39
1
-1
40
1
-1
41
3
-1
78
76
96
81
100
2
-1
79
99
122
1
-1
80
5
-1
119
114
126
127
136
148
165
149
166
1
-1
-1
1
-1
120
20
-1
139
57
72
64
84
68
86
83
102
85
104
87
105
88
106
89
107
90
108
91
109
92
110
93
111
94
112
95
113
123
134
128
137
129
138
131
141
155
168
11
-1
145
144
154
156
169
157
170
158
171
159
172
160
173
161
174
162
175
163
176
164
177
12
-1
73
135
146
144
146
156
146
157
146
158
146
159
146
160
146
161
146
162
146
163
146
164
146
1
-1
74
2
-1
83
82
101
2
-1
121
132
143
2
-1
140
150
167
1
-1
-1
37
expecting: 'classe'
expecting: cid
expecting: EOF
expecting: ';'
expecting: '&', ';'
expecting: 'classe', EOF
expecting: 'filha da classe', 'come\u00e7a'
expecting: 'termina', 'objeto', 'var', 'cons', '=>', 'procedimento', 'fun\u00e7\u00e3o'
expecting: 'come\u00e7a'
expecting: 'int', 'bool', 'real', cid
expecting: 'int', 'bool', 'real'
expecting: 'termina', '=>', 'procedimento', 'fun\u00e7\u00e3o'
expecting: 'come\u00e7a', 'termina', 'objeto', 'var', 'cons', '=>', 'procedimento', 'fun\u00e7\u00e3o', 'se', 'enquanto', id
expecting: id
expecting: 'procedimento'
expecting: 'termina'
expecting: ';', ','
expecting: ':='
expecting: 'come\u00e7a', 'termina', 'objeto', ',', 'var', 'cons', '=>', 'procedimento', '(', 'fun\u00e7\u00e3o', 'se', 'enquanto', 'true', 'false', '!', id, numero inteiro, numero real
expecting: 'come\u00e7a', 'termina', 'objeto', 'var', 'cons', '=>', 'procedimento', '(', 'fun\u00e7\u00e3o', 'se', 'enquanto', 'true', 'false', '!', id, numero inteiro, numero real
expecting: '('
expecting: 'come\u00e7a', '(', 'se', 'true', 'false', '!', id, numero inteiro, numero real
expecting: 'int', 'bool', 'real', ')', cid
expecting: 'cons'
expecting: ';', 'come\u00e7a', 'termina', 'objeto', ',', 'var', 'cons', '=>', 'procedimento', '(', ')', 'fun\u00e7\u00e3o', 'se', 'sen\u00e3o', 'enquanto', 'true', 'false', '-', '+', '*', '/', '%', '==', '<', '!', 'e', 'ou', id, numero inteiro, numero real
expecting: ';', 'come\u00e7a', 'termina', 'objeto', ',', 'var', 'cons', '=>', 'procedimento', '(', ')', 'fun\u00e7\u00e3o', 'se', 'enquanto', 'true', 'false', '-', '+', '*', '/', '%', '==', '<', '!', 'e', 'ou', id, numero inteiro, numero real
expecting: ';', 'come\u00e7a', 'termina', 'objeto', ',', 'var', 'cons', '=>', 'procedimento', '(', ')', 'fun\u00e7\u00e3o', 'se', 'enquanto', 'true', 'false', '!', id, numero inteiro, numero real
expecting: ')'
expecting: ',', ')'
expecting: 'come\u00e7a', 'cons', '(', 'se', 'true', 'false', '!', id, numero inteiro, numero real
expecting: 'come\u00e7a', 'se', 'enquanto', id
expecting: 'objeto', 'var', 'cons'
expecting: '(', '=', '.'
expecting: 'ent\u00e3o'
expecting: 'come\u00e7a', '(', ')', 'se', 'true', 'false', '!', id, numero inteiro, numero real
expecting: '(', 'true', 'false', '!', id, numero inteiro, numero real
expecting: 'sen\u00e3o', '-', '+', '*', '/', '%', '==', '<', 'e', 'ou'
178
0
1
2
2
3
4
5
6
0
3
1
2
1
7
4
2
8
4
1
9
10
11
7
12
12
12
13
13
13
13
13
13
13
13
13
14
13
9
15
11
11
11
11
16
3
3
17
18
19
13
20
13
5
15
13
12
12
21
13
20
22
20
3
23
21
20
24
24
21
24
24
24
18
25
26
19
22
13
27
27
28
22
29
21
27
21
26
21
21
21
21
21
21
21
21
21
27
28
30
9
27
21
15
24
27
26
26
26
26
26
26
26
26
26
30
31
20
20
32
11
11
3
27
21
26
33
11
30
21
21
34
21
13
11
11
35
15
27
27
28
27
3
20
3
35
26
36
11
30
30
34
3
11
11
26
21
35
35
35
35
35
35
35
35
35
11
11
27
26
26
26
26
26
26
26
26
26
26
